*Density
 2e-09,
*Elastic
20111., 0.2
*Concrete Damaged Plasticity
35.,    0.1,   1.16, 0.6667,     0.
*Concrete Compression Hardening
 24.5,          0.
 29.1, 0.000638796
 26.6,  0.00156087
 22.3,  0.00257523
 18.4,  0.00357331
 15.1,  0.00453257
 12.7,  0.00545631
 11.2,  0.00613054
  7.5,  0.00820387
   5.,   0.0103282
*Concrete Tension Stiffening
  3.6,          0.
 2.94, 0.000132818
 2.25, 0.000367127
 1.94, 0.000482791
 1.62, 0.000598454
 1.08, 0.000925081
 0.73,  0.00114291
  0.5,  0.00515414
*Concrete Compression Damage
   0.,          0.
   0., 1.98359e-06
   0., 6.69643e-05
   0., 0.000638796
 0.08,  0.00156087
 0.23,  0.00257523
 0.37,  0.00357331
 0.48,  0.00453257
 0.56,  0.00545631
 0.62,  0.00613054
 0.74,  0.00820387
 0.83,   0.0103282
*Concrete Tension Damage
   0.,          0.
 0.18, 0.000132818
 0.38, 0.000367127
 0.46, 0.000482791
 0.55, 0.000598454
  0.7, 0.000925081
 0.81,  0.00114291
 0.86,  0.00515414
*Concrete Failure, TYPE=Strain
0.006, 0.015, 0.86, 0.83
