0	11.14758019
0.000144904	9.058419958
-1.38992E-05	9.62819093
-7.67986E-05	9.248343615
-5.52545E-07	9.62819093
-1.17007E-05	10.57780922
-4.08798E-05	9.438267273
0.000165608	31.27948789
0.000343341	55.58971605
0.0004189	76.67124203
0.000543487	97.18299704
0.000578038	117.694752
0.000710537	134.5979576
0.000707703	151.8810104
0.000791866	169.3539869
0.000971959	185.3075741
0.001047011	200.5014667
0.001123209	216.6449776
0.001281837	231.2690992
0.001342662	243.8040606
0.001447101	256.5289457
0.001548775	267.7344415
0.001701197	280.0794792
0.001712525	292.4245169
0.001859004	303.4400891
0.00188777	312.936272
0.001898117	324.1417678
0.002044072	334.2077216
0.001980997	342.7542862
0.002189547	351.6806981
0.002175134	358.8977971
0.002519342	366.8745907
0.002429261	374.6614606
0.002547618	381.3087887
0.002566597	388.5258876
0.002585196	395.7429866
0.002637983	401.63062
0.002819397	407.1384061
0.002843823	415.1151997
0.002849922	417.2043599
0.00294129	422.9020697
0.003119428	428.4098557
0.003015963	432.7780998
0.003075945	437.3362676
0.003183658	443.6037483
0.003229333	448.7316871
0.003237741	451.9603893
0.003337884	454.8092441
0.003360076	457.088328
0.003486266	462.9759614
0.003391807	465.0651216
0.003324712	470.1930604
0.003580844	471.3326023
0.003664625	474.7512282
0.003668895	477.600083
0.00375924	482.3481745
0.003645007	485.0071057
0.003814556	487.0962659
0.003898506	490.3249681
0.003868301	491.0846627
0.003983581	494.5032885
0.004023636	496.2126014
0.003958504	502.4800821
0.004168297	502.1002348
0.003893106	503.6196241
0.004054805	506.468479
0.004053348	507.7979446
0.00419128	510.2669521
0.004204193	512.7359597
0.004214835	514.0654253
0.004169027	515.0150435
0.004176078	518.623593
0.004169224	520.1429823
0.004156618	520.7127533
0.004437594	523.5616081
0.00455592	522.6119898
0.004474311	526.0306157
0.004549328	528.1197759
0.004581069	530.2089361
0.004604846	530.3988598
0.004815152	532.2980964
0.004809312	535.7167222
0.004845229	535.7167222
0.004806567	538.3756534
0.00477742	538.5655771
0.004916365	541.6043556
0.0050271	540.844661
0.004990297	542.7438975
0.005024836	544.4532105
0.005041146	545.9725997
0.004980973	546.5423707
0.005194514	548.8214546
0.005270104	550.1509202
0.00542488	548.2516836
0.005473435	552.8098514
0.005307403	553.569546
0.005354657	553.569546
0.00545679	555.0889353
0.005566725	556.6083245
0.005596301	558.1277138
0.005656876	558.5075611
0.005610215	560.9765687
0.005746251	561.1664923
0.005818696	562.8758052
0.00581514	563.6354999
0.005877142	564.0153472
0.005862083	564.5851181
0.00592598	565.9145838
0.005951233	568.9533623
0.006180554	568.573515
0.006177989	569.5231332
0.006096081	568.9533623
0.006131604	571.2324462
0.006154279	571.2324462
0.006394334	573.3216064
0.00648424	573.7014537
0.006475545	572.5619118
0.00654534	575.0309193
0.006531545	575.6006903
0.006489225	576.1704613
0.006746136	578.2596215
0.006737423	578.6394688
0.006786278	579.5890871
0.006890367	579.3991634
0.006836073	581.4883237
0.006741331	582.2480183
0.00704565	583.5774839
0.007123036	583.7674076
0.007134129	584.7170258
0.007100975	583.7674076
0.007059047	586.0464914
0.00730448	587.5658807
0.007243361	586.6162624
0.007414086	587.7558044
0.007429809	589.4651173
0.007376642	590.4147356
0.007640697	590.0348883
0.007680486	592.3139721
0.007708128	590.9845065
0.007726669	591.1744302
0.007709262	593.4535141
0.008043765	594.7829797
0.007932898	594.7829797
0.007971171	595.162827
0.007941195	597.4419109
0.007927688	596.1124453
0.008144268	597.6318346
0.008359316	597.0620636
0.008338138	599.1512238
0.008067597	598.9613002
0.008232014	598.9613002
0.008311964	600.6706131
0.008416951	600.1008421
0.008705081	601.240384
0.008512242	601.0504604
0.008658767	601.810155
0.008682646	602.0000787
0.008909252	603.8993153
0.008814664	603.7093916
0.008830099	604.2791626
0.00896696	605.7985518
0.009034806	604.6590099
0.009021343	606.1783991
0.009225318	606.1783991
0.009269378	609.597025
0.009384276	607.6977884
0.009434566	609.4071013
0.009540686	608.6474067
0.009698521	608.2675594
0.009601539	610.7365669
0.009677824	611.1164142
0.009621806	612.2559562
0.009643617	611.4962616
0.009976283	612.8257272
0.009991429	612.8257272
0.010018085	613.5854218
0.010113018	613.5854218
0.009951911	614.1551928
0.010241332	614.5350401
0.010394234	614.3451164
0.010445148	616.0544293
0.010443979	616.6242003
0.010567312	616.4342766
0.010568403	616.4342766
0.01063723	617.3838949
0.010807207	616.244353
0.010893016	618.7133605
0.011014435	619.0932079
0.010981176	619.0932079
0.010992756	620.4226735
0.011215586	619.2831315
0.011334978	620.2327498
0.011436438	619.4730552
0.011441424	619.8529025
0.011594281	620.8025208
0.011628589	621.3722917
0.011621838	621.9420627
0.011890809	621.7521391
0.011910021	623.2715283
0.011893071	623.2715283
0.012074554	625.7405359
0.012108157	623.6513756
0.012322079	623.461452
0.012244504	623.461452
0.012485487	627.2599251
0.012516431	625.9304595
0.012591911	626.8800778
0.012727919	627.6397724
0.012746157	626.6901542
0.01271662	626.5002305
0.012976018	628.0196198
0.013176237	626.8800778
0.013157222	627.8296961
0.013149167	629.1591617
0.013295562	629.9188563
0.013426872	629.3490854
0.013543013	629.3490854
0.013618038	629.1591617
0.013750992	630.2987036
0.013729646	629.539009
0.013888026	629.7289327
0.014023575	631.6281692
0.014064773	632.7677112
0.01424092	632.3878639
0.014214875	631.8180929
0.014389293	633.3374822
0.014450908	632.7677112
0.014547899	632.7677112
0.014741279	634.6669478
0.014818447	632.7677112
0.014981419	634.8568714
0.014979824	634.8568714
0.015122818	634.2871005
0.01531008	635.0467951
0.015222403	635.6165661
0.015438273	635.8064897
0.015488661	635.4266424
0.015635808	636.186337
0.015683097	635.9964134
0.015888885	636.9460317
0.015980293	638.0855736
0.015982265	636.3762607
0.016087681	636.186337
0.016241935	638.4654209
0.016300864	638.6553446
0.01645864	638.0855736
0.01650827	639.0351919
0.016754796	638.6553446
0.016810025	639.6049629
0.016851299	639.9848102
0.016947973	639.4150392
0.017084869	639.4150392
0.017157094	640.1747338
0.017443576	640.1747338
0.017449582	641.1243521
0.017449456	641.8840468
0.017521393	640.1747338
0.017702677	641.5041994
0.017996294	641.8840468
0.01800567	642.2638941
0.01808496	642.4538177
0.018198016	642.6437414
0.018347939	643.403436
0.018492803	643.5933597
0.018526987	642.0739704
0.018609217	642.6437414
0.018692231	643.5933597
0.018912771	644.1631306
0.01898636	644.1631306
0.019130842	645.1127489
0.019147215	644.1631306
0.019283683	643.973207
0.019440569	645.4925962
0.019582357	646.4422145
0.019651379	644.9228253
0.019703195	645.6825199
0.019829619	645.1127489
0.020132135	646.0623672
0.020207413	646.2522909
0.020193795	647.0119855
0.020307249	646.6321382
0.020503372	647.9616038
0.020585843	647.2019092
0.020732227	646.6321382
0.020863583	648.1515274
0.020975406	648.3414511
0.021022904	648.5313748
0.021311683	649.4809931
0.021425049	648.3414511
0.021401363	648.7212984
0.0215129	650.2406877
0.021684318	649.6709167
0.021927808	649.1011457
0.021901561	649.1011457
0.02210534	650.2406877
0.022137163	651.0003823
0.022324096	651.0003823
0.022578972	650.2406877
0.022546939	651.0003823
0.022770947	651.190306
0.022864051	651.0003823
0.023078629	651.9500006
0.023098025	651.3802296
0.023219421	652.3298479
0.023246139	651.7600769
0.023362188	653.2794662
0.023706176	652.8996189
0.023751792	652.8996189
0.023853546	653.6593135
0.023795323	653.8492372
0.024239183	652.7096952
0.024272913	652.8996189
0.024351915	654.0391608
0.024413855	654.6089318
0.024564915	654.0391608
0.024792688	654.0391608
0.02483831	655.3686264
0.024885343	654.6089318
0.025126704	653.6593135
0.025171993	655.5585501
0.025388457	655.3686264
0.025378985	655.7484737
0.025603494	654.6089318
0.025644788	656.3182447
0.025646627	655.9383974
0.025993183	656.698092
0.026132204	657.0779394
0.026152517	656.3182447
0.026174829	657.837634
0.026259816	655.5585501
0.026646123	658.7872523
0.026613604	658.407405
0.026752334	658.2174813
0.026933758	657.837634
0.027241778	658.2174813
0.027181877	657.6477103
0.027340666	658.0275576
0.027324328	658.5973286
0.02747867	659.5469469
0.02775297	659.9267942
0.027874344	659.9267942
0.027885117	658.5973286
0.027964533	656.3182447
0.028266849	659.9267942
0.028368007	659.5469469
0.028500766	661.0663362
0.028615555	659.9267942
0.0287529	660.6864888
0.02891547	660.8764125
0.028897231	661.6361071
0.029072474	661.6361071
0.029258097	661.2562598
0.029541637	660.1167179
0.029503144	662.2058781
0.02966089	660.8764125
0.029698393	662.3958018
0.029826432	661.6361071
0.030108001	662.3958018
0.030136504	661.4461835
0.030263788	661.2562598
0.030389898	663.1554964
0.030460091	662.3958018
0.030750636	663.915191
0.030822798	663.34542
0.030906133	663.7252674
0.030997936	663.5353437
0.031290154	664.2950383
0.031450705	664.484962
0.031509902	663.915191
0.031584721	665.6245039
0.031925218	664.2950383
0.03200931	665.2446566
0.032071156	666.3841986
0.032177924	665.2446566
0.032204465	665.4345803
0.03237732	665.6245039
0.032529665	666.1942749
0.032645664	665.2446566
0.032640477	667.3338169
0.032862728	666.1942749
0.032925119	667.5237405
0.03313258	665.4345803
0.033289996	667.7136642
0.033410239	666.7640459
0.033563406	669.2330534
0.033602404	667.5237405
0.033854656	667.5237405
0.033985989	668.0935115
0.033946341	667.9035878
0.034368064	667.9035878
0.034301884	668.2834351
0.034358607	667.5237405
0.034561086	667.7136642
0.034763349	667.7136642
0.034775787	667.9035878
0.034817991	668.8532061
0.034992033	669.2330534
0.035156766	669.8028244
0.035492186	670.562519
0.035504166	670.7524427
0.035597531	668.4733588
0.035702845	671.3222137
0.035921609	669.9927481
0.035988976	669.8028244
0.036094444	670.1826717
0.036325466	671.3222137
0.036404407	669.9927481
0.036654409	671.5121373
0.03667896	672.4617556
0.03678112	670.562519
0.037001192	672.4617556
0.037182058	671.3222137
0.037280675	672.271832
0.037339762	672.8416029
0.03745478	673.0315266
0.037666621	672.4617556
0.037860888	673.6012976
0.037896612	671.3222137
0.03798354	672.4617556
0.038173799	672.8416029
0.038344516	672.0819083
0.038535376	674.9307632
0.0385252	673.9811449
0.038675572	675.3106105
0.038805998	674.5509158
0.03896127	673.4113739
0.039114666	673.2214502
0.039060337	673.7912212
0.039292077	676.0703051
0.039504498	674.9307632
0.039731247	675.3106105
0.039796348	675.8803814
0.039879451	674.5509158
0.039892036	675.3106105
0.040168549	676.2602288
0.040335882	675.8803814
0.040415156	676.0703051
0.040518115	676.0703051
0.040829872	675.1206868
0.04080355	676.2602288
0.04098958	676.6400761
0.041053054	676.2602288
0.041120277	676.0703051
0.041451043	677.209847
0.041522955	676.4501524
0.041631382	677.209847
0.041741102	677.0199234
0.041825211	677.209847
0.041940717	677.5896944
0.042215684	677.9695417
0.042224203	677.209847
0.042406446	677.779618
0.042483555	678.349389
0.042722671	679.4889309
0.042838901	679.8687783
0.042919473	678.5393126
0.043028897	678.5393126
0.043183344	679.1090836
0.043405793	678.91916
0.043550986	678.1594653
0.043530415	677.9695417
0.043630365	679.2990073
0.043815313	680.4385492
0.043938971	680.4385492
0.044049621	679.4889309
0.044134364	679.8687783
0.044229373	679.8687783
0.044493152	679.8687783
0.044639067	680.0587019
0.0447285	679.8687783
0.044881165	681.3881675
0.044929602	681.1982439
0.045135997	681.5780912
0.045352811	681.0083202
0.045361109	681.3881675
0.045489908	679.8687783
0.045644079	681.1982439
0.045802182	681.7680148
0.045902211	681.9579385
0.045954459	681.9579385
0.046178382	683.8571751
0.04625003	682.9075568
0.046498778	681.9579385
0.046587592	681.5780912
0.046608044	681.0083202
0.046841586	681.9579385
0.046951632	683.2874041
0.047077342	684.8067933
0.047147684	683.0974804
0.047318924	682.9075568
0.047489869	682.7176331
0.047722687	683.4773277
0.04778166	683.2874041
0.04782582	684.2370224
0.047893695	684.2370224
0.048083344	685.566488
0.048225925	685.7564116
0.048388267	684.6168697
0.04847562	684.6168697
0.048689855	684.8067933
0.048882202	683.6672514
0.04896053	685.7564116
0.049069565	684.996717
0.049146426	686.1362589
0.049275489	686.3261826
0.049541895	684.8067933
0.049543833	686.7060299
0.049672808	686.1362589
0.049783517	685.7564116
0.04991741	685.7564116
0.050171096	686.5161063
0.050300737	686.5161063
0.050342046	687.4657246
0.050405328	687.6556482
0.050567067	687.6556482
0.050793477	687.4657246
0.050892679	688.0354955
0.050947789	687.4657246
0.051082	688.4153428
0.051207089	687.2758009
0.051392575	688.0354955
0.051502719	689.3649611
0.051704325	688.6052665
0.051847344	688.9851138
0.051998232	688.7951902
0.052059566	688.9851138
0.052148089	689.5548848
0.052198131	689.5548848
0.052425289	688.4153428
0.052576746	689.3649611
0.052727969	690.5045031
0.052818631	690.1246558
0.05289799	689.5548848
0.053073824	690.5045031
0.053249969	689.1750375
0.05341493	690.5045031
0.053473103	691.2641977
0.05355329	690.6944267
0.053689546	690.5045031
0.053849617	690.6944267
0.053998009	689.9347321
0.054114536	690.1246558
0.054182247	690.5045031
0.054412452	691.2641977
0.054612004	691.8339687
0.054586915	692.5936633
0.054701865	692.213816
0.054986491	692.0238923
0.055156932	692.0238923
0.055170693	691.644045
0.055292071	691.644045
0.055444245	692.0238923
0.055531233	692.9735106
0.055676442	692.4037396
0.055805889	692.9735106
0.0559578	692.783587
0.056147258	693.3533579
0.056287994	692.783587
0.056458332	693.1634343
0.056452421	693.1634343
0.05661066	693.5432816
0.056815272	693.3533579
0.056952771	695.0626709
0.057075038	693.7332052
0.057140819	694.1130526
0.057220909	694.4928999
0.057456604	693.7332052
0.057591395	693.9231289
0.057740282	694.3029762
0.057764756	695.0626709
0.057943398	694.8727472
0.058159656	696.0122891
0.058232673	695.2525945
0.058443186	695.0626709
0.058485493	695.0626709
0.058638373	695.0626709
0.058843004	695.6324418
0.058931685	696.2022128
0.059006919	696.2022128
0.059176749	696.3921365
0.059240742	696.3921365
0.059461183	695.8223655
0.05956683	696.2022128
0.059646377	695.8223655
0.059855441	695.6324418
0.060026413	696.3921365
0.06019194	696.9619074
0.060224545	697.7216021
0.060352702	696.3921365
0.060532602	698.1014494
0.060660995	697.1518311
0.060726611	697.1518311
0.060896867	697.5316784
0.061056117	697.5316784
0.061259693	699.2409913
0.061362286	698.291373
0.061547845	699.2409913
0.061573959	697.7216021
0.061797396	697.3417547
0.061954996	699.2409913
0.061958205	698.861144
0.062069322	698.861144
0.062216462	699.0510677
0.062362444	698.1014494
0.062624569	698.861144
0.062747949	700.0006859
0.062845556	700.1906096
0.062884895	699.6208386
0.063189401	699.430915
0.063214716	699.430915
0.063332814	700.1906096
0.063504991	700.0006859
0.063606861	700.9503042
0.063754273	699.6208386
0.063906454	700.1906096
0.063987537	701.5200752
0.064196184	699.6208386
0.064335242	700.7603806
0.064435146	701.1402279
0.064402147	701.8999225
0.064681941	701.1402279
0.064744386	701.1402279
0.064997265	701.5200752
0.064946085	700.3805333
0.065183532	700.3805333
0.065506061	701.3301515
0.065490705	701.8999225
0.065634428	701.7099989
0.06562484	702.6596172
0.06582444	702.2797698
0.065980917	701.8999225
0.066184318	702.6596172
0.066168724	702.0898462
0.066382958	701.8999225
0.066519809	701.8999225
0.066727122	703.2293881
0.066849413	703.9890828
0.066921091	702.6596172
0.066999374	703.7991591
0.067114731	702.8495408
0.067250697	703.0394645
0.067387918	701.8999225
0.067443554	704.1790064
0.067658058	703.7991591
0.067853722	703.6092354
0.068015888	704.3689301
0.068136137	703.7991591
0.068186952	705.6983957
0.06837245	704.5588537
0.068441795	704.1790064
0.068590385	703.9890828
0.068684438	705.508472
0.068876003	704.7487774
0.069050392	705.6983957
0.069222737	705.3185484
0.069394562	705.508472
0.06948426	703.4193118
0.06962984	704.7487774
0.0697315	704.938701
0.069871546	703.0394645
0.069888051	704.7487774
0.070022314	704.938701
0.070169538	706.2681666
0.070262317	705.1286247
0.070579282	705.6983957
0.070667699	706.078243
0.07078135	706.2681666
0.07089619	707.0278613
0.071128405	707.2177849
0.071127747	706.648014
0.071290968	706.2681666
0.071424096	707.7875559
0.071516718	706.648014
0.07165642	707.0278613
0.071821734	706.648014
0.071917567	706.8379376
0.07208566	707.9774796
0.072264139	707.9774796
0.072496646	707.9774796
0.072508226	707.0278613
0.072545874	708.5472505
0.072710576	707.9774796
0.072804583	708.5472505
0.073031769	707.9774796
0.073136284	708.1674032
0.073323946	708.9270978
0.073373233	708.3573269
0.07355405	707.0278613
0.073709787	708.7371742
0.073748471	708.3573269
0.073822198	707.2177849
0.074036234	708.7371742
0.07422188	708.9270978
0.074383625	708.9270978
0.074458425	710.0666398
0.074621454	709.8767161
0.074766204	708.7371742
0.07500578	710.2565635
0.07502257	709.6867925
0.0750967	709.4968688
0.075228112	709.3069452
0.075415478	710.6364108
0.075483739	708.9270978
0.075594091	710.2565635
0.075775988	710.2565635
0.075896622	710.4464871
0.07613566	710.8263344
0.07628039	711.0162581
0.076301528	712.1558
0.076461903	710.6364108
0.076547882	711.3961054
0.076756129	710.8263344
0.076878977	710.4464871
0.077019441	711.2061817
0.077062273	710.8263344
0.077230058	711.0162581
0.077507257	711.0162581
0.077573996	712.5356473
0.077707822	712.5356473
0.077809608	711.0162581
0.077899782	711.7759527
0.078072518	713.1054183
0.078117644	712.1558
0.078229345	710.6364108
0.078466976	711.9658764
0.078607793	711.5860291
0.078740747	711.9658764
0.078826286	713.6751893
0.078949566	712.3457237
0.079005216	711.9658764
0.079176778	712.9154947
0.07937098	712.5356473
0.079529332	712.1558
0.079628258	713.1054183
0.079777093	714.0550366
0.079945729	714.8147312
0.080085588	713.295342
0.080244799	713.8651129
0.080374504	713.8651129
0.080422149	713.1054183
0.080594982	713.6751893
0.080636375	714.8147312
0.080797919	714.2449603
0.080945812	714.0550366
0.081077452	715.3845022
0.081249232	714.8147312
0.081398301	714.0550366
0.081480146	713.8651129
0.081669405	713.295342
0.081753446	714.2449603
0.081926346	715.3845022
0.081991777	716.1441968
0.082070349	714.8147312
0.082250899	715.5744259
0.082407089	715.1945785
0.082600032	714.0550366
0.082751957	714.8147312
0.082904848	715.5744259
0.083005871	715.1945785
0.083110596	716.5240441
0.083266274	717.0938151
0.083342682	716.3341205
0.083510554	715.0046549
0.083660342	715.3845022
0.083805954	716.1441968
0.083918028	716.1441968
0.08405889	716.1441968
0.084139756	716.1441968
0.084267879	716.3341205
0.08445395	716.5240441
0.08456014	717.4736624
0.084630944	715.3845022
0.084847359	716.9038915
0.085035487	715.3845022
0.085185359	717.4736624
0.08518416	716.1441968
0.085186775	716.5240441
0.085436746	718.2333571
0.085696922	716.7139678
0.085773006	717.4736624
0.085911719	717.6635861
0.086065948	717.0938151
0.086148273	717.4736624
0.086324677	717.4736624
0.086437436	717.8535098
0.086499173	717.8535098
0.086631763	718.4232807
0.086929612	718.6132044
0.086976106	717.8535098
0.087145481	717.8535098
0.087095396	718.4232807
0.087355112	718.803128
0.087579527	717.8535098
0.087660367	718.803128
0.08771742	718.6132044
0.087760738	718.4232807
0.088121394	718.4232807
0.088214238	719.1829754
0.088295429	718.2333571
0.088305572	719.1829754
0.088536895	720.512441
0.08874192	720.1325936
0.088889051	718.9930517
0.088979082	720.7023646
0.08912434	719.1829754
0.089194228	718.9930517
0.0894032	720.1325936
0.089488319	719.372899
0.08963917	720.7023646
0.089750875	720.1325936
0.089964648	721.6519829
0.090027368	719.372899
0.090113758	720.8922883
0.090257549	720.8922883
0.090375128	720.7023646
0.090628853	720.8922883
0.090735613	721.0822119
0.090851982	721.2721356
0.09092505	721.4620592
0.091076647	720.512441
0.091217427	720.8922883
0.091323776	721.2721356
0.091485763	720.1325936
0.091552154	722.4116775
0.091711156	720.8922883
0.09194359	721.4620592
0.091986178	721.8419066
0.092218098	722.2217539
0.092257962	722.2217539
0.092430907	721.0822119
0.092500986	722.4116775
0.092611846	721.6519829
0.092768676	722.6016012
0.092926318	722.4116775
0.09311982	722.0318302
0.093209839	723.1713722
0.093303554	724.3109141
0.093482552	723.3612958
0.093662901	721.4620592
0.093774846	722.2217539
0.09388465	722.0318302
0.093999658	721.6519829
0.094234147	722.7915248
0.094275438	723.5512195
0.094363031	722.7915248
0.094540539	723.3612958
0.094664658	722.9814485
0.094875123	723.1713722
0.094934882	723.3612958
0.095017235	722.4116775
0.095140884	723.9310668
0.095385058	723.1713722
0.095468475	724.5008378
0.095576021	725.2605324
0.095734859	724.3109141
0.095769303	723.1713722
0.096030555	724.3109141
0.096101435	723.7411431
0.096272764	723.7411431
0.096427627	725.0706087
0.096567472	724.5008378
0.096688089	723.5512195
0.096788884	725.0706087
0.09694067	725.2605324
0.097095281	723.9310668
0.097202893	725.0706087
0.097375892	725.0706087
0.097439542	724.8806851
0.097493496	725.2605324
0.097855233	725.2605324
0.097879046	728.6791582
0.098016185	726.020227
0.098157673	725.0706087
0.098281375	725.2605324
0.09844089	724.8806851
0.098589689	724.6907614
0.09866449	725.0706087
0.098782919	725.2605324
0.098896531	725.6403797
0.09926566	726.4000743
0.099247248	726.4000743
0.099394643	726.020227
0.099488129	725.0706087
0.099631266	726.589998
0.09991977	725.0706087
0.099818738	725.6403797
0.099947742	726.589998
0.100149363	726.589998
0.100306392	726.9698453
0.100504631	727.5396163
0.100577542	728.1093873
0.100689631	726.2101507
0.100850866	726.2101507
0.10103977	727.5396163
0.101131656	726.9698453
0.101324062	728.1093873
0.101392915	726.9698453
0.101596699	728.1093873
0.101668465	726.9698453
0.101742435	728.1093873
0.101851236	727.5396163
0.101998039	726.9698453
0.102185476	726.589998
0.102295958	726.4000743
0.102422573	728.4892346
0.102588351	728.6791582
0.102657527	727.5396163
0.102843012	728.2993109
0.102910333	729.0590055
0.103074548	727.159769
0.103134848	728.2993109
0.103365701	728.1093873
0.103556667	727.3496926
0.103624774	730.0086238
0.103756485	728.8690819
0.103894933	729.6287765
0.104018744	728.6791582
0.104123236	730.0086238
0.104276382	727.7295399
0.104476946	729.2489292
0.104575972	727.7295399
0.104799452	728.1093873
0.104800508	729.0590055
0.104955238	729.6287765
0.105076677	729.6287765
0.105307683	728.2993109
0.105438379	729.6287765
0.105520849	728.4892346
0.105600195	728.8690819
0.10570291	729.2489292
0.105985416	729.8187002
0.106118842	729.6287765
0.106141572	730.3884711
0.106257157	730.0086238
0.106347427	730.0086238
0.106583851	729.0590055
0.106631212	730.1985475
0.106874467	730.3884711
0.106998736	730.1985475
0.107033959	730.1985475
0.107205856	731.5280131
0.107416244	730.0086238
0.107529434	729.8187002
0.107603728	730.1985475
0.10775394	730.0086238
0.107865963	729.6287765
0.108017122	730.5783948
0.108149271	730.0086238
0.108318331	729.8187002
0.108477507	730.7683185
0.108570115	731.5280131
0.10872507	731.3380894
0.108804952	730.5783948
0.109109199	731.7179367
0.109102184	730.5783948
0.109231231	730.7683185
0.109252818	731.9078604
0.109593539	731.3380894
0.109769993	731.9078604
0.109748526	732.2877077
0.109870017	732.0977841
0.110086064	731.7179367
0.110268161	732.2877077
0.110365197	731.7179367
0.110432775	730.5783948
0.110524448	730.5783948
0.110711353	730.7683185
0.110834845	733.0474024
0.111027806	732.2877077
0.111096691	732.4776314
0.111272946	732.2877077
0.111391403	731.1481658
0.111616143	732.667555
0.111672916	732.2877077
0.111724004	733.6171733
0.111838238	731.9078604
0.11204141	733.6171733
0.112269513	732.8574787
0.112365818	733.6171733
0.112480842	733.237326
0.112626629	731.9078604
0.112849156	732.667555
0.112973451	731.9078604
0.112985031	734.1869443
0.113147988	732.2877077
0.113343852	733.807097
0.113584852	734.376868
0.113674764	733.807097
0.113759112	733.6171733
0.113842538	733.4272497
0.114100445	733.237326
0.114217643	733.0474024
0.114357724	732.8574787
0.114460573	733.6171733
0.114610649	734.5667916
0.114703331	733.6171733
0.114912608	734.9466389
0.114904733	734.376868
0.115026149	733.6171733
0.115234746	734.376868
0.115474748	734.5667916
0.115527167	734.1869443
0.11564393	733.237326
0.115758952	736.2761045
0.115934507	734.376868
0.116126299	734.7567153
0.116150405	734.5667916
0.116325888	733.9970206
0.116465379	734.376868
0.116636554	734.376868
0.116818045	735.3264862
0.116945591	734.5667916
0.117066373	735.7063336
0.117229611	735.8962572
0.117328457	735.3264862
0.117403146	734.1869443
0.117559964	735.7063336
0.117739179	734.7567153
0.117896652	734.9466389
0.11805319	736.0861809
0.118196342	735.5164099
0.118315055	736.2761045
0.118422419	735.3264862
0.118564033	736.0861809
0.118700317	733.807097
0.118818071	735.7063336
0.118923739	736.0861809
0.119029521	736.0861809
0.119280428	735.3264862
0.119401518	736.2761045
0.11952329	737.4156465
0.119654741	736.8458755
0.119921659	736.6559518
0.119964167	736.8458755
0.120083522	734.9466389
0.120162124	736.4660282
0.120289715	735.8962572
0.120546851	737.0357992
0.120666095	735.5164099
0.120764276	737.4156465
0.120863825	736.8458755
0.121040529	737.4156465
0.121166593	737.2257228
0.121324095	736.6559518
0.121402628	737.4156465
0.121654049	737.0357992
0.121726721	737.4156465
0.121808371	737.4156465
0.122010028	738.1753411
0.122049981	738.3652648
0.122335555	737.4156465
0.122326132	737.2257228
0.122540486	735.1365626
0.122535565	737.9854174
0.122750253	736.6559518
0.122966158	736.8458755
0.123106425	737.6055701
0.123172585	738.7451121
0.123371958	738.1753411
0.123401273	737.4156465
0.123652486	738.1753411
0.123820715	738.5551884
0.123903696	737.9854174
0.124060756	737.6055701
0.124170783	738.1753411
0.12440057	737.9854174
0.124430187	739.1249594
0.124586537	737.6055701
0.12467626	737.7954938
0.124925602	739.1249594
0.12507502	738.1753411
0.125181742	737.4156465
0.125296993	738.1753411
0.1254966	739.5048067
0.125672407	738.3652648
0.125706658	737.9854174
0.125803023	739.314883
0.125947971	739.5048067
0.126210838	738.1753411
0.126330707	739.1249594
0.126384124	739.1249594
0.126664288	738.9350357
0.126817892	739.1249594
0.127006647	739.314883
0.126971007	739.884654
0.127129349	739.6947304
0.127271186	740.2645013
0.127419744	739.1249594
0.127581197	739.1249594
0.127652985	740.2645013
0.12784537	739.6947304
0.128023307	739.1249594
0.128054631	739.884654
0.128274942	740.8342723
0.128348726	739.314883
0.128466623	739.314883
0.128774003	740.6443487
0.128897626	739.6947304
0.128983862	740.2645013
0.129098292	740.8342723
0.129260369	739.884654
0.129452328	740.454425
0.12952936	740.6443487
0.129667963	740.6443487
0.129866186	740.0745777
0.129934776	740.2645013
0.130064573	739.6947304
0.130231804	740.454425
0.1303699	740.2645013
0.130454265	740.8342723
0.130687219	740.454425
0.130904647	741.4040433
0.13103996	741.4040433
0.131072217	739.884654
0.131273197	739.6947304
0.131403353	740.8342723
0.131469165	741.2141196
0.131597391	739.884654
0.131807563	741.4040433
0.1318621	740.8342723
0.13203315	741.5939669
0.132186383	741.2141196
0.132321271	742.1637379
0.132458762	741.9738143
0.13263445	739.6947304
0.132882638	741.4040433
0.132960715	740.6443487
0.133003471	741.024196
0.133182563	741.4040433
0.133231985	742.9234325
0.133547879	742.1637379
0.133707156	741.4040433
0.133755522	741.2141196
0.133985801	742.5435852
0.134086544	741.9738143
0.134123744	741.4040433
0.134233909	742.1637379
0.134421629	741.2141196
0.134571266	741.9738143
0.13482879	742.3536616
0.13481041	742.1637379
0.134913665	741.7838906
0.135135001	742.1637379
0.135218882	742.1637379
0.135503274	742.9234325
0.135659283	741.9738143
0.135866315	742.5435852
0.13589911	743.1133562
0.135975987	742.7335089
0.136103973	741.9738143
0.136291055	743.8730508
0.13642927	741.9738143
0.13661575	742.9234325
0.136823155	743.3032799
0.136894227	742.9234325
0.137047897	742.1637379
0.137133989	743.6831272
0.137344889	742.7335089
0.137531385	742.9234325
0.137531743	743.4932035
0.13774271	742.9234325
0.13789524	743.3032799
0.13804444	742.5435852
0.138177125	743.8730508
0.138364409	743.3032799
0.138493651	744.0629745
0.138602727	742.9234325
0.138864524	743.4932035
0.138946804	743.4932035
0.139033974	743.6831272
0.139177123	743.3032799
0.139271344	744.2528981
0.139471426	743.4932035
0.13961429	744.4428218
0.139788824	743.6831272
0.139911737	744.6327455
0.140073927	743.3032799
0.140231577	743.6831272
0.140314048	743.6831272
0.140484968	744.8226691
0.140579986	743.3032799
0.140778948	742.7335089
0.140944825	744.8226691
0.140945624	743.6831272
0.141217583	745.0125928
0.141405458	742.9234325
0.141583996	744.0629745
0.141744562	743.6831272
0.14178394	745.0125928
0.141983677	743.6831272
0.142040291	743.8730508
0.142195947	744.6327455
0.142317429	744.0629745
0.142446404	745.0125928
0.142621963	745.2025164
0.142829829	743.8730508
0.142933688	744.4428218
0.143005577	743.6831272
0.143243261	744.4428218
0.143459848	744.4428218
0.143622038	744.4428218
0.143685682	745.0125928
0.143796117	745.7722874
0.143952661	745.0125928
0.144150347	745.0125928
0.144292364	744.4428218
0.144396298	743.6831272
0.144560903	745.0125928
0.144794162	744.8226691
0.144998694	745.3924401
0.145063867	745.9622111
0.14516268	745.3924401
0.145349938	745.3924401
0.145441792	746.3420584
0.145538762	745.3924401
0.145670328	744.2528981
0.145843944	746.3420584
0.146012785	746.3420584
0.146260622	745.3924401
0.1463835	744.4428218
0.146542256	745.7722874
0.146602814	746.3420584
0.146797376	745.9622111
0.146923883	745.7722874
0.147031298	745.3924401
0.147131948	746.7219057
0.147321703	745.3924401
0.147492703	745.7722874
0.147639476	745.2025164
0.147866514	745.9622111
0.148007726	746.3420584
0.148015753	745.9622111
0.148299866	746.3420584
0.148554601	746.3420584
0.148511776	747.2916767
0.148613549	745.9622111
0.148767099	746.531982
0.148928847	745.7722874
0.14919113	746.9118293
0.14930878	745.3924401
0.149446237	747.2916767
0.149664186	747.2916767
0.149757349	746.7219057
0.149865665	746.7219057
0.149879856	746.3420584
0.150146624	746.7219057
0.150297986	746.7219057
0.150394808	746.9118293
0.150602978	747.4816003
0.150750967	746.7219057
0.150878813	747.4816003
0.151032637	746.3420584
0.151210234	746.7219057
0.151373332	747.101753
0.15145953	746.7219057
0.151617709	747.4816003
0.151697293	746.7219057
0.151813406	748.241295
0.151989927	747.2916767
0.152148564	748.6211423
0.152380069	746.9118293
0.152590707	747.671524
0.152650958	746.7219057
0.152797731	747.4816003
0.153042336	746.531982
0.153067323	746.7219057
0.153229874	748.241295
0.153373171	747.2916767
0.153478023	751.2800735
0.153821908	748.0513713
0.153861978	747.8614476
0.153928798	747.4816003
0.154217262	746.3420584
0.154389835	747.4816003
0.154501321	747.2916767
0.154548567	748.8110659
0.154718089	746.9118293
0.154928594	748.8110659
0.155080596	748.241295
0.155178813	748.241295
0.155338909	747.101753
0.155547961	747.8614476
0.155713988	747.8614476
0.155939524	747.4816003
0.156061646	747.8614476
0.156192178	749.3808369
0.156330725	748.4312186
0.15648608	748.8110659
0.156512824	748.0513713
0.156650906	748.6211423
0.156889575	748.4312186
0.157038201	748.241295
0.157224794	748.241295
0.157364139	747.671524
0.157504919	748.241295
0.157578394	748.6211423
0.157884603	749.0009896
0.157942151	748.0513713
0.158028643	749.9506079
0.158271845	746.7219057
0.158353631	748.241295
0.158526828	748.241295
0.15859891	748.8110659
0.158800963	748.4312186
0.159058781	748.241295
0.159186825	749.5707606
0.159262547	748.4312186
0.15946816	749.0009896
0.15956757	748.241295
0.159774765	749.0009896
0.160015216	748.6211423
0.15999963	748.8110659
0.160239333	748.0513713
0.160311252	748.8110659
0.160602344	749.7606842
0.160691319	749.5707606
0.160876565	749.7606842
0.161056914	749.5707606
0.161215985	749.5707606
0.161346117	749.3808369
0.161437675	749.1909132
0.161581238	749.5707606
0.161702009	748.4312186
0.161986868	749.5707606
0.162070961	747.2916767
0.162128313	749.3808369
0.162415386	748.8110659
0.162539686	750.3304552
0.162680626	749.7606842
0.162791407	749.0009896
0.162921729	749.5707606
0.163106526	749.1909132
0.163251081	750.1405315
0.163420404	748.241295
0.163493164	749.7606842
0.163805939	749.9506079
0.163832671	749.3808369
0.164100392	750.5203788
0.16422512	751.0901498
0.164345283	749.9506079
0.164532884	749.1909132
0.164639352	749.9506079
0.164842214	749.0009896
0.1649544	749.7606842
0.16508005	749.9506079
0.165185635	749.7606842
0.165489516	751.0901498
0.165601054	749.5707606
0.165720333	749.7606842
0.165794449	749.7606842
0.166044524	749.5707606
0.166242679	750.3304552
0.16628441	750.1405315
0.166472387	750.9002262
0.166632072	750.9002262
0.166841506	750.3304552
0.16689802	750.3304552
0.167185528	749.9506079
0.167197288	749.5707606
0.167474154	750.7103025
0.167690216	750.1405315
0.16781904	750.9002262
0.167980964	751.0901498
0.168021192	750.5203788
0.168172035	750.5203788
0.168450724	750.3304552
0.168449388	750.5203788
0.168636877	750.5203788
0.168819928	750.7103025
0.168925969	751.0901498
0.169146697	750.1405315
0.169300499	750.7103025
0.16945056	750.7103025
0.169634571	751.4699971
0.169801984	750.5203788
0.16996364	750.7103025
0.170106908	750.3304552
0.170170362	749.9506079
0.170347363	750.3304552
0.170487711	750.9002262
0.170618905	752.0397681
0.170786586	751.2800735
0.171016444	750.5203788
0.171153951	751.2800735
0.171501491	751.6599208
0.171463687	750.5203788
0.17160141	751.0901498
0.171800703	751.4699971
0.17198096	750.9002262
0.172115039	751.8498444
0.172114659	750.7103025
0.172330952	751.8498444
0.172601638	752.2296918
0.172739804	751.2800735
0.172883766	751.6599208
0.173072221	751.2800735
0.173322594	751.8498444
0.173416691	750.5203788
0.173579202	751.6599208
0.173668113	751.0901498
0.173773268	751.2800735
0.173890323	752.6095391
0.174083536	751.6599208
0.174263482	752.2296918
0.174311264	751.2800735
0.174499255	752.0397681
0.174781928	752.0397681
0.174975121	751.4699971
0.175042707	751.8498444
0.175199065	751.2800735
0.175468163	751.4699971
0.175655798	751.8498444
0.175659733	751.8498444
0.175829293	752.4196154
0.175861118	751.0901498
0.176060507	751.6599208
0.176346592	752.4196154
0.176482588	752.0397681
0.176682902	751.2800735
0.176676402	751.8498444
0.176975376	752.0397681
0.177100622	752.4196154
0.177234105	752.4196154
0.177320624	751.4699971
0.177637967	751.8498444
0.177596094	751.2800735
0.177806308	752.6095391
0.177862505	752.0397681
0.178090089	752.0397681
0.178351542	752.4196154
0.17858512	752.0397681
0.178755657	752.0397681
0.178879028	752.7994627
0.179055348	752.0397681
0.179240775	752.2296918
0.17931643	753.9390047
0.179398127	751.8498444
0.179556059	752.6095391
0.179645815	752.9893864
0.179830324	752.9893864
0.180058388	752.4196154
0.180249835	752.4196154
0.180382898	752.0397681
0.180700126	752.6095391
0.180774578	752.0397681
0.180849147	752.4196154
0.181042142	752.9893864
0.181189974	752.0397681
0.181309985	752.7994627
0.181450225	752.2296918
0.181603072	752.6095391
0.181790312	752.4196154
0.181999383	753.3692337
0.182154729	752.6095391
0.182309771	752.0397681
0.182487974	752.4196154
0.182647586	752.0397681
0.18288461	752.6095391
0.183035974	752.6095391
0.183097545	752.4196154
0.183139339	753.3692337
0.183371682	752.9893864
0.183523875	752.9893864
0.183651723	752.7994627
0.183774846	752.7994627
0.183973009	752.4196154
0.184218745	752.6095391
0.184507955	752.6095391
0.184581058	753.5591574
0.184724929	752.7994627
0.184798146	752.6095391
0.185021842	753.3692337
0.185190085	753.3692337
0.185269768	752.6095391
0.185359815	753.3692337
0.185610272	752.7994627
0.185622535	753.749081
0.186006349	752.9893864
0.186144912	752.7994627
0.186344672	753.3692337
0.186558076	753.9390047
0.186665194	752.6095391
0.186737248	753.17931
0.186949785	753.5591574
0.187192471	753.3692337
0.187274678	753.5591574
0.187354625	753.17931
0.187621897	753.5591574
0.18777463	752.9893864
0.187919495	753.9390047
0.188159579	753.3692337
0.188367843	753.9390047
0.188608419	753.3692337
0.188691895	753.5591574
0.188903691	753.3692337
0.188887155	753.3692337
0.189115646	753.3692337
0.18931047	754.318852
0.189457991	753.3692337
0.189615217	753.5591574
0.189778429	753.9390047
0.189969638	754.318852
0.190079565	752.7994627
0.190425108	752.9893864
0.190560406	754.1289283
0.190677268	753.9390047
0.190825684	754.1289283
0.1909284	753.9390047
0.191180025	753.749081
0.191368239	752.9893864
0.191504456	754.5087756
0.191556635	753.5591574
0.191748577	753.9390047
0.191935605	753.749081
0.192097418	754.318852
0.192365167	754.318852
0.19254416	754.1289283
0.192727756	754.318852
0.192901524	752.9893864
0.193104043	753.3692337
0.193284318	753.5591574
0.193362038	753.9390047
0.193451587	753.5591574
0.193600469	753.17931
0.193789789	754.1289283
0.193932885	753.5591574
0.194087916	754.5087756
0.194326532	755.0785466
0.194583096	753.5591574
0.194735769	752.9893864
0.194870468	754.318852
0.195055527	754.1289283
0.195170931	753.749081
0.195451667	754.888623
0.195616306	754.318852
0.195736688	753.5591574
0.195785042	754.1289283
0.196139975	754.5087756
0.196131845	753.3692337
0.196317556	754.5087756
0.196492646	754.6986993
0.196783468	753.3692337
0.196952486	754.5087756
0.197185477	754.318852
0.197285416	754.318852
0.197508557	753.749081
0.197657394	753.9390047
0.197808066	753.5591574
0.197896713	754.5087756
0.197952713	755.6483176
0.198170309	753.9390047
0.198461741	754.318852
0.198671767	754.5087756
0.198752232	754.5087756
0.199000873	754.318852
0.199292947	755.0785466
0.199358266	754.318852
0.199540477	754.318852
0.199786926	755.0785466
0.200002555	753.3692337
0.200025085	754.318852
0.200234742	754.318852
0.200398786	754.1289283
0.200481882	755.4583939
0.200742608	754.318852
0.200963657	755.0785466
0.201144712	754.318852
0.201344537	752.9893864
0.201568169	754.5087756
0.201716436	753.9390047
0.201817883	754.5087756
0.202047129	755.2684703
0.202241933	755.0785466
0.202404823	753.9390047
0.202634558	754.318852
0.202739028	753.5591574
0.20290515	754.888623
0.203124686	754.888623
0.203244384	755.4583939
0.203413785	754.888623
0.203645216	753.9390047
0.203998174	755.4583939
0.20412063	754.5087756
0.204316098	755.2684703
0.204451796	754.888623
0.204597201	754.5087756
0.204700247	754.318852
0.204950127	754.888623
0.205091003	755.4583939
0.20527013	754.6986993
0.205495418	754.888623
0.205718064	754.888623
0.205862446	755.0785466
0.206045706	754.5087756
0.206310791	754.318852
0.206497833	754.5087756
0.20660621	754.5087756
0.206794596	755.2684703
0.207023174	754.318852
0.207160267	754.888623
0.207370626	753.9390047
0.207487539	754.888623
0.207598746	755.2684703
0.207884049	755.8382413
0.208047732	754.888623
0.208246533	754.888623
0.208442258	754.888623
0.2086849	754.318852
0.208921429	754.318852
0.209128004	754.888623
0.209399347	754.888623
0.209494611	755.0785466
0.209716022	755.8382413
0.209870295	755.0785466
0.210038561	755.0785466
0.210179386	755.4583939
0.21038381	755.4583939
0.210548056	754.888623
0.210765512	754.888623
0.210848885	754.888623
0.211153911	754.888623
0.211308572	754.6986993
0.21160496	755.8382413
0.211751736	754.888623
0.212002765	754.888623
0.212108048	755.2684703
0.212302348	754.888623
0.212489518	755.4583939
0.212661265	753.9390047
0.212938723	756.0281649
0.213080462	755.4583939
0.213227225	754.888623
0.213417634	755.8382413
0.21367309	755.6483176
0.213780286	754.6986993
0.214032829	754.1289283
0.214255613	755.2684703
0.214578872	753.5591574
0.214724976	754.318852
0.214873791	754.888623
0.21502329	754.318852
0.215389676	755.2684703
0.215418217	754.318852
0.215686212	753.9390047
0.215897714	757.3576305
0.216064693	754.318852
0.21622613	755.0785466
0.216414441	754.318852
0.216573597	754.318852
0.216844712	754.5087756
0.217086744	756.2180886
0.2172917	755.4583939
0.217516984	753.9390047
0.217718811	755.2684703
0.2179168	753.749081
0.218109758	754.888623
0.218323213	755.0785466
0.21852613	754.888623
0.218774683	753.9390047
0.218794244	754.888623
0.218991784	754.5087756
0.219310046	754.888623
0.219556959	754.318852
0.219728834	754.888623
0.219854743	755.0785466
0.220136248	754.1289283
0.220397766	756.7878595
0.2206163	755.4583939
0.220883022	754.318852
0.221049743	755.4583939
0.221287858	754.5087756
0.221549006	754.318852
0.22168657	754.1289283
0.221968359	755.0785466
0.222194746	754.888623
0.222346716	754.6986993
0.222577349	753.749081
0.222867239	755.8382413
0.223027631	753.9390047
0.223182737	754.6986993
0.223457506	755.2684703
0.223628484	754.888623
0.223846685	754.318852
0.224095153	755.0785466
0.224420323	754.6986993
0.224539583	753.5591574
0.224830662	754.6986993
0.224986434	754.5087756
0.225289284	754.1289283
0.225459503	755.4583939
0.225821714	754.5087756
0.225962813	754.1289283
0.225994328	756.4080122
0.226379577	754.1289283
0.226638163	753.5591574
0.226770989	753.5591574
0.227048351	753.9390047
0.227207698	754.5087756
0.22758137	754.888623
0.227703661	753.5591574
0.227991237	754.318852
0.228202864	754.1289283
0.228548186	753.749081
0.228672174	753.749081
0.228920274	753.9390047
0.229125757	753.5591574
0.229431377	754.318852
0.22961474	753.5591574
0.229832551	754.1289283
0.230209446	752.7994627
0.23031479	753.749081
0.230524265	753.5591574
0.230788292	753.5591574
0.231103564	753.17931
0.231230553	753.9390047
0.231569836	753.3692337
0.231820076	753.5591574
0.231980569	752.6095391
0.232264946	754.1289283
0.232476242	752.7994627
0.232788289	752.7994627
0.233045307	753.749081
0.233401366	752.2296918
0.233609144	752.0397681
0.233911743	752.0397681
0.234116688	752.9893864
0.234322346	752.2296918
0.234701815	752.0397681
0.234820311	752.6095391
0.235155582	752.6095391
0.235377492	751.4699971
0.23576271	752.4196154
0.235920783	752.4196154
0.236231391	751.2800735
0.236553819	751.2800735
0.236801838	752.7994627
0.237130403	750.9002262
0.2372948	751.4699971
0.237652467	751.2800735
0.237933326	751.2800735
0.238194017	750.9002262
0.238455785	750.3304552
0.238629258	750.1405315
0.239018367	750.5203788
0.239323097	750.3304552
0.239434082	750.3304552
0.239757116	750.9002262
0.240134912	748.8110659
0.240424213	749.5707606
0.240833608	749.5707606
0.241030295	748.241295
0.241301485	748.6211423
0.241523982	749.7606842
0.241843832	749.1909132
0.242185793	748.241295
0.242556498	747.8614476
0.242781421	747.101753
0.243153342	748.241295
0.243427781	747.4816003
0.243681982	747.2916767
0.244007085	746.531982
0.244264839	745.7722874
0.244681899	745.7722874
0.245006256	745.9622111
0.245258287	745.7722874
0.245623819	745.3924401
0.245923991	745.7722874
0.246220778	745.0125928
0.246583873	744.2528981
0.246838584	745.3924401
0.247215608	743.3032799
0.247612576	742.9234325
0.247940595	743.4932035
0.248240211	742.1637379
0.248579725	741.7838906
0.249036758	741.024196
0.249311652	741.7838906
0.249728022	740.6443487
0.250019144	739.6947304
0.250323595	740.0745777
0.250641221	739.5048067
0.250999567	738.1753411
0.251450411	738.5551884
0.251828019	737.7954938
0.252089558	737.0357992
0.252433832	737.2257228
0.252868573	735.3264862
0.253169663	734.5667916
0.253580261	734.5667916
0.253921236	733.807097
0.254294294	733.9970206
0.254709815	732.8574787
0.255034343	732.667555
0.255407007	732.667555
0.255751925	730.0086238
0.256143667	730.1985475
0.256498558	730.0086238
0.256756758	729.0590055
0.25724356	728.1093873
0.25752355	728.2993109
0.257931969	727.3496926
0.25832215	725.6403797
0.258710916	725.4504561
0.259042252	724.1209904
0.259446674	723.7411431
0.259819127	722.2217539
0.260178492	722.2217539
0.2606341	719.94267
0.260870999	720.8922883
0.261297804	719.7527463
0.261647505	718.9930517
0.261999597	717.6635861
0.262499988	716.3341205
0.262762313	717.2837388
0.263282563	715.5744259
0.263595267	714.2449603
0.263976175	712.9154947
0.264333256	713.295342
0.264710402	710.8263344
0.265069337	709.4968688
0.265497511	709.1170215
0.26583888	708.5472505
0.26623822	707.4077086
0.266613387	707.0278613
0.266894561	705.8883193
0.267285516	704.3689301
0.267709966	703.7991591
0.267991557	703.2293881
0.268449007	701.8999225
0.268919434	699.6208386
0.269190956	699.0510677
0.269578925	697.7216021
0.269965414	696.7719838
0.270373314	697.1518311
0.270696129	694.6828235
0.271182607	693.5432816
0.2714326	692.783587
0.271818004	690.6944267
0.272343199	690.8843504
0.272580692	687.0858772
0.273040501	687.4657246
0.27346354	686.7060299
0.273798098	685.7564116
0.274195986	684.0470987
0.274456345	684.0470987
0.274896035	681.3881675
0.275346347	680.8183965
0.275609929	680.2486256
0.276091569	678.91916
0.276328556	676.6400761
0.27688784	675.8803814
0.277183855	674.9307632
0.277565013	673.0315266
0.278026279	671.13229
0.278363193	670.1826717
0.278736528	670.1826717
0.279172592	667.5237405
0.279574651	666.7640459
0.279878713	666.0043513
0.280322157	663.1554964
0.280735278	662.3958018
0.281135643	661.8260308
0.281443547	658.7872523
0.282037727	658.0275576
0.282272258	657.6477103
0.282600886	655.5585501
0.282999084	652.8996189
0.283375718	651.5701533
0.283689008	651.190306
0.284170662	648.7212984
0.284555526	647.9616038
0.285039848	646.2522909
0.285320109	644.9228253
0.285757713	643.403436
0.286128435	641.5041994
0.286380388	639.9848102
0.286866596	635.6165661
0.287272743	635.9964134
0.287694675	635.6165661
0.288058469	633.7173295
0.288413852	631.0583983
0.288915693	630.2987036
0.289118036	629.9188563
0.289602846	625.7405359
0.28997055	624.7909176
0.290428218	624.6009939
0.290702048	622.32191
0.291150043	619.8529025
0.291570108	618.9032842
0.291863145	617.1939713
0.292350182	614.5350401
0.29276712	613.2055745
0.293173578	609.597025
0.29348946	609.9768723
0.293893517	606.1783991
0.294258462	605.4187045
0.294644054	602.949697
0.295025716	601.6202314
0.295508224	599.9109184
0.295723571	598.5814528
0.296154808	595.5426743
0.296642864	594.0232851
0.297084246	592.1240485
0.297436948	589.4651173
0.297777583	587.1860334
0.298129564	585.6666441
0.298641705	583.1976366
0.299054773	581.6782473
0.299492883	579.2092398
0.299828655	576.7402322
0.300361541	575.0309193
0.300715742	571.2324462
0.301170851	570.4727515
0.301562478	568.1936676
0.301939227	565.9145838
0.302332807	564.5851181
0.302748135	561.5463396
0.303188245	558.1277138
0.30354153	555.4687826
0.304030505	554.139317
0.304442462	551.2904621
0.304794971	548.2516836
0.305228939	545.2129051
0.305501276	545.0229814
0.306048678	540.844661
0.306302076	539.3252717
0.306808895	536.8562642
0.307239686	533.8174856
0.307642775	529.4492415
0.308055564	528.1197759
0.308471405	525.0809974
0.308979441	520.9026769
0.309383911	520.332906
0.309798997	516.3445091
0.310142652	514.0654253
0.3104981	512.9258833
0.311074085	506.8483263
0.311401838	505.1390134
0.31189157	502.1002348
0.312347197	497.9219144
0.312677935	496.0226778
0.313132037	490.894739
0.313587258	489.1854261
0.314051798	485.1970293
0.314372421	482.3481745
0.314758104	477.600083